0 0.817094 936.98 737.17 959.37 813.08 0
0 0.808425 1529.62 877.83 1580.05 1026.63 0
0 0.796961 1450.37 845.61 1509.67 1000.82 0
0 0.768780 769.97 734.87 791.62 804.39 0
0 0.766216 1164.95 711.62 1196.17 800.68 0
0 0.743011 788.00 583.00 796.00 607.00 1
0 0.726399 163.44 704.83 190.04 779.17 0
0 0.725526 1873.61 872.85 1919.66 1030.93 0
0 0.725066 307.20 623.71 324.48 670.91 0
0 0.724201 467.96 691.53 495.28 765.29 0
1 0.695070 1121.19 974.43 1180.15 1078.60 0
0 0.672538 622.68 703.04 646.56 774.89 0
0 0.666353 721.20 664.25 740.16 721.00 0
3 0.661020 142.19 625.31 242.41 663.54 0
0 0.653936 779.00 581.00 788.00 605.00 3
0 0.653126 191.97 707.50 216.29 780.01 0
0 0.648561 904.00 582.00 911.00 599.00 3
1 0.646831 32.37 820.29 79.43 907.16 0
0 0.640497 436.43 692.28 459.28 765.21 0
0 0.640306 862.96 659.45 883.17 712.60 0
0 0.630771 832.00 690.00 845.00 711.00 3
0 0.629109 1210.03 713.71 1237.74 791.46 0
0 0.619604 219.84 722.01 244.70 801.44 0
0 0.618848 216.61 647.69 239.35 700.56 0
0 0.616727 899.00 605.00 908.00 625.00 3
0 0.614869 824.00 611.00 833.00 631.00 3
0 0.605832 797.00 584.00 807.00 608.00 1
0 0.583495 1536.45 781.30 1581.15 893.25 0
0 0.582992 486.85 645.46 502.02 695.70 0
0 0.580837 768.00 582.00 776.00 602.00 1
0 0.578939 717.00 605.00 726.00 625.00 1
0 0.549263 805.00 609.00 820.00 642.00 3
0 0.544641 853.00 609.00 861.00 629.00 3
0 0.541775 463.94 640.51 482.85 696.72 0
0 0.532948 738.00 584.00 745.00 605.00 1
0 0.532393 237.85 725.07 258.64 799.10 0
0 0.508372 762.00 582.00 768.00 599.00 1
3 0.507419 633.00 463.00 643.00 486.00 1
0 0.506774 744.00 589.00 752.00 606.00 1
0 0.502301 865.00 606.00 873.00 627.00 3
0 0.501687 757.00 586.00 764.00 608.00 3
0 0.489176 205.85 702.64 226.70 772.66 0
0 0.480678 938.07 659.65 958.41 713.16 0
0 0.479955 171.00 650.00 185.00 678.00 2
1 0.469794 830.49 652.61 852.18 695.57 0
0 0.466153 864.00 582.00 872.00 600.00 3
0 0.447821 776.00 557.00 781.00 571.00 3
1 0.447032 43.28 744.54 72.71 805.54 0
0 0.445257 784.00 616.00 796.00 640.00 3
0 0.444591 807.00 582.00 813.00 599.00 3
0 0.439419 257.80 714.88 277.04 793.92 0
0 0.436373 679.61 636.92 695.51 685.08 0
2 0.436037 573.09 720.48 619.37 779.19 0
0 0.428751 750.00 584.00 760.00 607.00 3
0 0.428375 815.00 580.00 824.00 604.00 3
0 0.428054 794.00 573.00 800.00 589.00 1
0 0.419962 845.00 587.00 854.00 608.00 3
0 0.419248 261.53 639.03 285.42 684.16 0
0 0.418629 198.99 649.89 217.68 693.14 0
0 0.418043 491.14 613.48 505.65 650.55 0
0 0.412768 766.82 606.17 780.09 639.74 0
0 0.411896 420.00 685.94 442.79 736.88 0
0 0.402383 630.10 604.50 640.89 640.98 0
0 0.401776 858.00 568.00 864.00 586.00 3
0 0.400342 521.70 649.62 540.20 694.14 0
0 0.398291 804.00 554.00 810.00 571.00 3
0 0.398069 887.36 608.00 901.86 648.48 0
3 0.397858 1044.00 671.00 1051.00 689.00 3
2 0.397660 876.56 724.48 899.83 798.78 0
0 0.395921 245.76 711.01 264.24 780.11 0
0 0.395742 913.00 586.00 920.00 607.00 3
0 0.389801 890.00 590.00 898.00 609.00 3
0 0.387713 734.00 600.00 745.00 628.00 1
0 0.384805 787.00 573.00 793.00 591.00 3
0 0.372014 951.90 660.53 972.05 716.16 0
0 0.369660 935.00 584.00 944.00 600.00 3
0 0.369202 828.00 605.00 836.00 622.00 3
0 0.365735 686.00 642.00 696.00 666.00 1
0 0.365210 722.00 588.00 729.00 608.00 1
0 0.362881 1598.46 780.24 1628.42 888.26 0
0 0.362310 889.00 567.00 895.00 579.00 3
0 0.360870 898.00 570.00 906.00 591.00 3
0 0.360141 926.00 614.00 936.00 634.00 3
0 0.359115 784.00 553.00 788.00 564.00 3
0 0.356996 1052.98 683.84 1077.45 733.30 0
0 0.353663 898.00 581.00 904.00 597.00 3
0 0.350407 786.00 551.00 791.00 563.00 1
0 0.334013 912.00 575.00 920.00 593.00 3
9 0.332135 387.26 625.22 423.14 659.40 0
0 0.328748 439.04 642.37 456.23 687.09 0
3 0.323422 934.90 626.11 1035.09 666.75 0
0 0.322659 871.00 581.00 879.00 600.00 3
0 0.315415 879.00 569.00 886.00 585.00 3
0 0.309881 760.00 585.00 775.00 607.00 1
