3 0.906255 81.44 420.22 160.64 490.54 0
3 0.904821 1065.54 558.39 1184.89 637.89 0
3 0.904426 1007.59 469.59 1143.36 531.25 0
3 0.899742 1137.89 670.93 1283.07 763.49 0
3 0.898078 1105.92 605.85 1237.20 699.00 0
3 0.896735 41.37 352.74 126.52 422.53 0
3 0.896400 773.64 574.60 840.82 690.48 0
3 0.889501 109.95 281.02 184.03 328.99 0
3 0.884042 494.53 105.98 551.41 130.05 1
3 0.883948 209.38 462.75 335.92 517.92 0
3 0.879850 378.56 373.11 438.60 445.45 0
3 0.874279 0.00 437.59 49.31 510.58 0
5 0.869765 215.50 260.70 329.50 379.91 0
3 0.864966 493.12 262.33 531.93 316.53 0
3 0.862545 233.19 212.18 317.61 245.27 0
3 0.859664 741.88 488.60 827.10 577.05 0
3 0.857765 845.79 269.75 894.57 309.66 0
3 0.855482 686.82 199.76 719.65 236.03 2
3 0.855294 419.55 284.91 468.45 347.49 0
3 0.846087 423.77 4.41 445.33 20.23 1
3 0.845928 685.37 102.90 709.70 126.92 2
3 0.840382 728.53 288.14 766.88 332.43 0
3 0.838646 700.76 160.80 728.57 189.87 0
3 0.836351 739.38 330.16 780.09 376.44 0
3 0.825750 360.30 177.30 400.69 210.22 0
3 0.821226 624.80 98.29 648.25 123.81 0
3 0.810420 415.50 98.35 445.03 124.92 1
3 0.809193 520.54 79.00 550.75 107.91 1
3 0.804245 483.38 167.39 515.85 200.95 0
3 0.798054 740.91 239.02 821.28 266.00 2
3 0.789165 344.63 150.56 382.50 178.34 0
3 0.783950 229.19 424.46 328.11 473.73 0
3 0.783854 342.55 96.26 369.05 119.19 0
0 0.777462 983.87 441.36 998.53 474.88 0
3 0.770223 850.28 709.49 1030.39 764.00 0
3 0.758986 773.25 372.98 873.22 424.79 0
4 0.756533 894.76 173.38 930.38 210.31 0
3 0.746357 373.68 97.02 400.28 122.32 1
0 0.739276 921.99 328.31 935.60 361.63 0
3 0.735272 668.92 43.46 688.09 61.23 2
3 0.729859 668.25 72.83 691.65 96.47 0
3 0.727851 360.01 94.64 368.65 120.68 1
5 0.727351 535.37 45.72 560.64 77.71 1
3 0.726837 638.95 15.67 671.61 32.05 0
3 0.713163 850.44 402.24 950.68 446.89 0
3 0.708127 770.68 435.43 886.60 487.71 0
3 0.696819 787.96 15.27 818.79 29.83 0
5 0.679878 548.02 25.09 566.50 46.75 1
3 0.659203 375.45 240.74 453.31 271.76 0
3 0.657176 599.32 1.26 615.55 18.44 0
0 0.654175 409.02 99.90 415.95 121.23 1
9 0.648325 1008.39 346.27 1046.11 369.36 0
3 0.639910 369.46 49.62 404.68 68.85 0
0 0.621066 808.71 95.84 816.52 116.76 2
3 0.618721 351.59 135.03 410.11 157.76 0
3 0.610923 437.65 81.01 457.70 104.09 1
4 0.601836 722.24 13.86 762.48 31.23 2
3 0.594457 691.40 43.66 712.35 59.03 2
3 0.593274 534.59 55.07 559.43 78.00 0
0 0.593012 798.00 96.99 804.73 114.47 2
3 0.591026 549.12 27.17 566.92 45.06 0
9 0.582867 844.69 105.27 866.35 119.80 0
3 0.580097 692.32 87.26 722.20 110.30 0
3 0.579708 498.53 146.69 529.25 177.60 0
9 0.578068 917.72 214.97 943.64 231.76 0
0 0.570890 763.64 4.83 769.49 19.90 2
0 0.558904 386.01 69.37 392.78 85.83 1
3 0.558425 678.26 52.80 697.14 71.89 0
9 0.547073 928.58 225.16 954.53 244.04 0
3 0.544728 679.43 53.42 713.67 72.24 2
0 0.542933 815.72 25.93 820.31 39.65 2
3 0.540804 878.41 158.26 907.81 189.17 0
3 0.532564 334.22 262.34 427.01 302.30 0
3 0.531352 723.53 43.87 758.14 59.03 0
3 0.528324 431.45 0.00 460.26 10.42 0
4 0.518063 695.86 87.24 719.91 109.31 2
3 0.508019 548.16 45.33 563.21 60.99 1
3 0.505161 444.98 66.93 464.80 86.34 1
3 0.499303 687.43 22.40 714.80 36.49 2
3 0.498233 872.18 137.67 898.08 163.69 0
3 0.480478 572.47 0.00 587.34 14.98 0
2 0.477394 776.47 65.00 791.58 76.48 2
3 0.472664 721.07 30.83 761.97 45.19 0
4 0.468550 349.16 70.66 394.23 99.12 0
3 0.466651 553.10 7.91 574.91 20.36 1
0 0.466190 751.23 0.00 754.85 4.33 2
4 0.465058 719.83 26.63 755.89 40.22 2
9 0.456890 222.88 382.05 273.69 421.35 0
4 0.449542 693.50 63.91 712.75 87.01 2
3 0.440791 349.55 70.83 393.66 99.02 0
0 0.437693 805.03 95.67 812.61 116.15 0
3 0.435181 722.46 39.07 758.97 51.68 2
3 0.426581 385.63 36.62 413.16 56.84 0
3 0.412628 719.59 20.64 759.04 34.74 0
3 0.404576 693.49 63.80 712.88 86.94 2
3 0.403322 720.69 14.60 759.40 30.96 0
3 0.391693 502.47 90.74 548.53 111.19 0
3 0.381607 698.41 0.00 732.71 12.82 0
3 0.379208 723.17 52.85 756.23 66.00 2
3 0.369878 712.44 46.57 757.04 64.54 2
3 0.368662 663.32 0.00 695.71 15.78 0
4 0.368598 667.61 4.79 693.98 16.89 2
3 0.367434 678.37 28.77 707.28 46.69 0
3 0.364482 549.58 9.75 571.74 27.06 0
9 0.360108 839.01 82.71 855.23 95.75 0
4 0.348519 674.29 32.81 695.61 52.06 2
9 0.346486 321.83 73.24 336.65 88.53 0
3 0.345331 491.40 8.06 512.17 27.06 0
4 0.343886 669.42 74.70 689.80 97.21 2
9 0.325476 846.89 103.83 856.00 118.18 2
3 0.323295 711.82 0.00 731.66 6.21 2
3 0.322531 555.14 15.74 571.06 32.60 1
3 0.315490 667.22 9.12 699.37 24.61 0
