3 0.889088 253.89 526.90 383.10 598.38 0
3 0.887000 528.75 580.06 661.02 649.46 0
3 0.881501 482.61 404.41 591.58 450.71 0
3 0.865877 652.66 332.41 727.03 373.46 0
3 0.859915 703.94 380.38 752.77 435.72 0
3 0.854455 274.87 664.51 429.56 735.32 0
3 0.854080 604.50 388.58 647.56 444.53 0
3 0.852879 294.45 567.39 431.86 630.57 0
3 0.848583 653.04 392.46 697.23 438.13 0
3 0.848555 750.17 382.66 800.35 430.22 0
3 0.833468 430.28 374.40 477.78 425.62 0
3 0.829148 1091.41 264.18 1140.92 296.86 0
4 0.825660 642.21 101.35 691.10 126.84 1
3 0.821621 960.79 126.67 998.07 145.81 0
3 0.817498 987.58 181.26 1021.73 205.11 0
3 0.816697 737.16 316.31 774.69 362.05 0
3 0.815116 643.27 258.74 689.86 294.87 0
3 0.807959 616.86 239.32 689.60 265.68 0
3 0.798356 665.46 28.80 679.54 40.72 1
5 0.789718 1117.75 115.51 1240.68 162.87 0
3 0.786791 632.20 10.60 643.30 20.61 1
3 0.743117 574.02 0.36 597.26 8.91 1
4 0.708301 714.21 45.43 731.58 62.73 2
3 0.705686 210.46 724.05 384.15 763.41 0
3 0.702101 682.85 47.62 699.52 61.86 1
9 0.701319 0.10 531.94 33.02 584.45 0
3 0.695669 676.73 37.86 689.21 49.62 1
0 0.685807 751.91 129.31 758.44 148.84 2
3 0.681564 714.04 76.50 734.29 91.70 2
9 0.680845 879.45 125.79 895.80 136.92 2
3 0.629824 702.10 59.50 716.98 72.12 2
3 0.627250 676.85 16.02 687.89 25.66 1
3 0.616704 955.10 99.25 996.76 115.48 0
3 0.599320 632.03 0.31 642.01 6.78 1
4 0.592399 285.72 607.72 437.30 681.58 0
1 0.577857 1186.58 536.99 1211.81 575.62 0
0 0.572403 575.67 21.29 579.32 32.35 1
4 0.558035 548.77 105.15 587.71 128.31 0
5 0.553190 33.58 136.18 154.94 235.64 0
3 0.552510 667.97 31.74 682.49 41.92 0
3 0.543463 386.51 383.15 425.09 429.44 0
1 0.532704 883.30 120.96 890.69 134.03 2
9 0.531819 1176.79 542.49 1215.62 587.11 0
5 0.523394 152.32 240.14 291.19 292.75 0
3 0.510027 976.00 93.25 1015.57 111.73 0
4 0.507564 687.70 23.45 701.52 35.93 1
3 0.495152 656.74 5.58 669.47 14.59 1
3 0.492852 716.09 45.71 731.62 60.20 0
3 0.473492 858.81 66.67 873.83 79.65 2
6 0.470531 936.48 155.04 958.87 178.05 0
3 0.468064 772.66 72.40 795.43 90.85 0
3 0.464093 285.59 608.23 437.75 679.43 0
3 0.447548 864.87 78.82 880.16 92.57 0
3 0.446309 689.49 24.63 705.52 36.03 0
3 0.424047 705.96 68.77 721.03 84.58 2
3 0.419644 856.12 80.06 876.00 92.02 0
3 0.415807 688.40 41.75 700.43 53.66 1
3 0.411381 671.21 9.07 680.09 19.76 1
1 0.408091 728.60 126.00 735.51 138.92 2
3 0.402822 728.84 61.42 746.03 72.44 0
9 0.388694 37.99 521.02 89.48 579.26 0
4 0.384711 671.12 8.94 679.99 19.75 1
0 0.383886 898.92 90.12 904.16 102.59 2
4 0.368917 977.74 92.67 1015.71 111.06 0
9 0.367842 806.73 87.28 826.97 99.95 2
9 0.366065 727.86 127.57 735.48 142.89 2
6 0.332883 806.72 87.39 827.26 99.85 2
5 0.326935 33.61 164.26 114.52 233.82 0
3 0.323035 630.17 0.00 644.17 10.59 0
4 0.321788 739.17 68.41 761.39 91.34 2
0 0.320315 728.38 126.73 735.29 141.82 0
