3 0.894215 686.27 467.78 795.83 526.80 0
3 0.877169 889.01 299.89 924.94 338.41 0
3 0.874724 851.64 346.30 895.34 390.76 0
3 0.872072 434.48 537.40 569.68 595.68 0
3 0.871303 0.00 384.35 59.80 450.51 0
3 0.870508 811.30 308.18 877.02 344.63 0
3 0.869367 617.44 328.05 657.18 368.96 0
3 0.867093 658.22 350.93 749.97 387.93 0
3 0.861557 759.48 346.14 799.73 390.28 0
3 0.858718 894.27 347.26 940.03 389.66 0
3 0.856166 474.56 420.45 576.73 467.87 0
3 0.854638 490.93 507.29 605.96 561.55 0
3 0.851984 805.16 350.64 843.76 389.78 0
3 0.851658 30.83 398.12 117.00 457.98 0
3 0.843839 997.39 128.35 1031.63 148.31 3
3 0.841879 787.31 237.48 856.03 262.99 0
5 0.839905 148.39 137.44 301.69 208.38 0
3 0.836293 505.17 447.55 613.75 490.98 0
3 0.817973 806.22 254.01 855.64 284.72 0
4 0.799663 682.75 123.69 715.05 142.76 0
5 0.790459 336.22 149.41 424.93 220.10 0
5 0.771774 78.76 131.28 187.91 188.30 0
4 0.771370 913.86 180.95 946.15 209.96 0
3 0.760666 153.59 392.79 222.99 452.43 0
3 0.752738 853.75 67.11 866.93 77.81 2
3 0.743577 90.17 399.29 161.78 454.73 0
3 0.738625 207.86 402.18 269.57 451.72 0
4 0.737648 1217.69 145.53 1258.49 165.86 0
4 0.732697 921.23 105.31 941.80 128.48 2
0 0.703725 865.04 153.81 871.32 172.66 3
3 0.691959 1037.93 106.78 1056.70 120.02 3
3 0.679803 769.61 46.45 792.62 55.22 1
5 0.653612 1309.53 153.21 1359.80 199.13 0
3 0.643548 494.73 472.79 611.56 522.12 0
9 0.633757 1059.82 147.87 1076.20 159.07 0
3 0.621163 830.10 36.45 838.76 44.16 2
9 0.580285 1036.85 164.84 1050.04 177.87 3
3 0.570633 820.15 42.50 830.88 50.88 2
3 0.566134 915.40 97.78 930.72 112.21 0
3 0.557826 839.56 43.59 849.73 52.04 2
1 0.549605 1040.10 161.66 1049.06 174.93 3
3 0.546418 862.82 110.18 893.28 125.89 0
4 0.533023 580.87 330.67 614.47 368.31 0
4 0.528200 494.39 471.96 613.90 524.70 0
3 0.505862 800.18 19.79 807.67 25.88 2
5 0.485672 396.65 214.68 506.23 258.62 0
5 0.481351 6.47 249.28 90.23 319.55 0
3 0.461576 802.32 25.25 810.71 31.91 2
1 0.450945 1064.49 142.40 1072.88 157.06 3
3 0.432615 825.54 77.71 829.96 87.93 1
3 0.424068 858.03 46.00 868.08 54.32 0
0 0.413882 741.77 51.46 745.68 60.26 1
3 0.402683 0.00 457.28 48.66 522.11 0
6 0.391281 283.85 404.13 353.05 443.23 0
3 0.380742 785.02 28.76 791.71 37.01 2
5 0.379798 301.83 159.69 345.75 217.48 0
0 0.372040 1134.84 160.76 1142.48 177.15 0
3 0.366104 827.02 26.10 835.75 33.70 2
3 0.329562 840.57 51.14 851.33 60.17 2
3 0.313611 789.95 11.32 796.53 16.93 2
3 0.310854 745.61 130.46 785.83 147.10 0
9 0.308316 301.20 405.17 352.30 437.80 0
4 0.307105 847.66 38.08 857.88 47.70 2
