0 0.886805 272.91 381.34 327.98 486.35 0
0 0.860796 193.88 298.77 249.55 410.76 0
0 0.844096 285.41 212.16 322.95 294.26 0
0 0.840304 128.30 167.72 165.88 232.55 0
0 0.837186 21.18 159.85 60.12 222.86 0
0 0.833074 344.04 40.43 353.67 68.72 2
0 0.832997 171.55 174.18 195.02 228.05 0
0 0.829379 346.08 164.32 369.73 231.35 0
0 0.824871 495.77 232.98 526.69 325.08 0
0 0.823146 307.99 124.56 331.03 175.27 0
0 0.816065 464.42 234.87 497.00 325.98 0
0 0.803939 353.69 31.35 362.33 54.80 2
0 0.798719 35.25 127.06 61.11 174.56 0
0 0.796893 241.75 62.84 254.57 97.43 0
0 0.787390 369.89 114.85 386.47 162.39 0
0 0.784685 156.35 319.99 208.10 424.13 0
0 0.777263 286.54 52.77 297.66 83.29 0
0 0.776812 164.96 84.20 188.49 128.16 0
0 0.774241 392.07 76.26 406.55 116.78 0
0 0.771870 433.97 79.41 447.98 116.90 0
0 0.747663 456.79 52.24 466.37 81.90 0
0 0.744449 298.88 51.30 310.61 82.23 0
0 0.736889 422.62 67.50 434.00 97.05 0
0 0.733814 466.79 49.80 479.01 80.27 0
0 0.723625 497.36 481.81 540.36 539.74 0
0 0.713745 0.00 85.69 13.00 118.93 0
0 0.704016 275.66 51.05 285.77 83.19 0
0 0.701367 207.67 23.77 215.70 45.76 0
0 0.696823 404.06 35.11 418.04 67.18 2
0 0.691032 179.42 46.41 192.85 76.33 1
0 0.689492 62.20 4.46 70.52 22.70 0
0 0.689015 481.54 31.16 492.01 59.97 0
0 0.687584 362.90 24.71 371.82 48.43 2
0 0.685020 9.58 77.46 31.17 116.17 0
0 0.678495 147.19 15.27 154.98 35.08 0
0 0.678041 367.50 5.80 372.58 23.17 2
0 0.673220 31.32 9.99 42.04 30.27 0
0 0.665016 50.63 48.77 69.98 77.23 0
0 0.654112 157.20 49.21 169.86 81.24 0
0 0.642098 355.24 11.55 360.78 29.48 2
0 0.639761 111.72 16.79 120.42 36.57 0
0 0.637085 345.71 10.85 352.39 30.04 0
0 0.632364 447.78 23.69 456.28 47.92 0
0 0.629233 296.55 25.57 306.02 46.36 0
0 0.628567 494.47 52.55 505.74 82.58 0
0 0.622520 2.04 12.70 13.62 34.32 0
0 0.612427 48.13 32.82 58.78 55.83 0
0 0.607853 135.51 39.00 150.85 66.49 0
0 0.607524 379.78 10.62 386.96 29.77 2
0 0.604740 428.69 7.49 435.29 25.00 2
0 0.595521 218.00 18.45 225.77 41.47 0
0 0.579849 182.74 15.48 191.50 34.45 0
0 0.578523 449.28 26.54 455.62 45.97 2
0 0.568504 393.55 4.07 398.67 17.22 2
0 0.566827 331.99 12.23 339.91 31.57 2
0 0.564108 406.74 15.62 412.28 32.13 2
0 0.560942 434.60 29.47 442.31 50.61 0
0 0.557819 156.04 22.55 164.64 43.52 0
0 0.552023 20.15 8.33 32.21 27.45 0
0 0.551947 257.96 10.17 265.23 26.56 0
0 0.551106 125.01 36.82 136.12 63.54 0
0 0.546294 218.97 18.13 228.00 38.77 0
0 0.544406 469.97 31.57 478.82 57.56 0
0 0.542801 455.42 28.04 463.86 56.40 0
0 0.529352 243.03 12.64 250.28 33.31 0
0 0.528133 375.27 11.80 382.33 30.93 2
0 0.522760 456.14 33.17 463.13 54.90 2
0 0.521821 281.31 3.73 287.83 21.04 0
0 0.521649 6.24 69.52 25.66 110.11 0
0 0.516273 12.29 9.59 21.35 32.14 0
0 0.514141 167.10 23.03 175.57 43.80 0
1 0.495047 242.14 175.03 285.48 222.24 0
0 0.495044 269.98 5.01 278.11 23.34 0
0 0.490981 242.64 175.03 285.34 222.49 0
0 0.488593 406.43 3.05 411.10 16.70 2
0 0.488093 191.57 3.49 199.32 28.45 0
0 0.476692 268.35 37.46 276.37 61.53 0
0 0.468182 285.77 27.93 294.63 47.58 0
0 0.466421 271.74 6.57 279.03 24.85 0
0 0.466047 425.98 6.73 434.20 26.92 0
0 0.464452 556.29 27.83 563.81 49.18 0
0 0.460260 267.06 29.35 275.41 47.99 0
0 0.455479 192.93 7.32 201.72 30.95 0
0 0.452901 544.91 27.27 554.46 49.36 0
0 0.447643 158.40 58.30 168.81 81.13 1
0 0.439765 409.22 15.52 416.95 31.93 0
0 0.419755 151.94 33.00 163.23 59.84 1
0 0.405355 19.33 3.82 30.23 27.22 0
0 0.399014 175.82 60.90 183.64 76.13 1
0 0.392760 267.30 30.68 276.15 55.06 0
0 0.390142 155.43 44.58 166.69 66.40 0
0 0.372632 407.46 40.01 418.03 67.70 2
0 0.364599 132.40 17.39 142.11 38.72 0
0 0.362762 528.72 17.03 538.10 38.84 0
0 0.358574 173.97 18.50 183.02 38.17 0
0 0.357980 246.98 12.78 254.33 31.47 0
0 0.355962 4.34 69.12 21.17 105.35 0
0 0.354928 137.38 4.17 145.60 20.87 0
0 0.351124 521.99 22.28 531.50 39.48 0
1 0.349175 497.68 483.25 541.41 540.00 0
0 0.343345 168.86 33.08 178.69 55.48 0
0 0.332350 249.54 16.21 256.01 31.91 1
0 0.321517 393.14 1.69 402.00 17.90 0
0 0.317197 173.85 45.78 184.67 73.75 0
0 0.313692 7.91 11.72 16.99 33.73 0
0 0.311939 405.16 2.28 411.79 18.04 0
0 0.308646 348.85 10.63 354.40 29.29 0
0 0.304713 54.00 41.66 67.98 68.82 0
0 0.304312 121.11 24.43 128.84 42.98 0
0 0.302490 401.99 36.34 412.91 64.58 0
0 0.300214 206.00 8.15 213.48 26.46 0
0 0.300101 405.64 0.54 414.00 16.74 0
