3 0.894149 295.13 472.41 342.14 527.58 0
4 0.886719 398.85 365.88 427.87 408.84 0
3 0.876189 631.44 428.00 672.40 472.76 0
3 0.873853 381.24 319.37 406.89 345.95 0
3 0.860125 91.95 392.96 142.64 432.60 0
3 0.857731 391.61 287.20 412.68 305.63 0
4 0.832607 0.00 439.85 58.40 511.83 0
3 0.829411 678.79 512.07 733.83 540.00 0
3 0.796442 512.05 238.99 523.29 248.06 1
4 0.795532 607.64 310.81 637.02 335.65 0
3 0.793770 597.12 280.57 617.41 295.20 0
7 0.781977 471.26 294.05 484.42 312.88 0
3 0.774685 471.90 247.21 484.34 258.92 1
3 0.773005 274.00 299.01 300.78 320.51 0
3 0.765445 487.06 242.56 499.78 252.92 0
3 0.759109 444.38 222.79 453.51 230.88 1
3 0.744134 555.20 264.49 572.72 279.99 0
3 0.743635 441.49 263.95 456.09 279.05 0
3 0.731288 489.12 215.87 497.06 223.66 1
9 0.721366 65.50 481.37 89.67 506.26 0
3 0.711356 506.88 223.96 516.18 232.06 1
1 0.697647 285.01 386.09 295.97 407.51 0
0 0.687525 743.20 357.50 752.21 379.96 0
9 0.685962 714.62 366.91 735.62 383.40 0
1 0.673982 604.19 482.62 616.60 508.10 0
9 0.659165 624.65 481.92 640.24 509.05 0
3 0.654653 475.66 210.82 482.41 217.81 1
1 0.650907 537.87 307.95 544.73 321.75 2
1 0.650417 516.73 293.98 522.59 305.38 2
1 0.647939 626.04 473.94 639.53 498.51 0
1 0.635853 568.64 327.94 576.27 344.84 2
9 0.629444 560.06 366.71 569.25 383.95 2
9 0.621267 36.43 485.84 63.21 526.55 0
3 0.616225 288.26 290.56 310.27 308.58 0
4 0.604936 46.57 411.58 99.96 459.64 0
3 0.603806 475.96 220.28 485.29 230.96 1
0 0.602143 861.79 500.39 875.52 529.84 0
9 0.599774 246.60 309.77 264.57 322.48 0
3 0.589947 483.90 220.56 491.70 227.46 1
9 0.588330 567.74 333.75 576.44 347.73 2
3 0.578400 494.40 294.77 512.47 313.55 0
3 0.573377 473.99 209.69 483.37 217.23 0
1 0.570270 560.04 361.71 569.42 383.76 2
1 0.564763 639.08 511.59 653.34 536.92 0
3 0.562820 505.73 218.46 512.87 223.98 1
9 0.552490 820.81 457.62 846.83 478.78 0
2 0.541033 603.79 490.64 617.31 519.56 0
3 0.531572 499.41 208.89 504.32 214.21 1
9 0.529487 796.47 435.11 826.06 456.69 0
9 0.518356 226.50 321.34 248.11 334.97 0
0 0.506097 551.15 313.33 557.21 328.59 2
9 0.498955 284.48 393.06 296.32 413.59 0
3 0.491031 478.56 188.69 483.00 192.81 1
9 0.490255 516.89 297.52 522.48 308.64 2
9 0.486459 798.52 438.77 828.91 459.18 0
1 0.486060 510.58 254.70 514.65 264.47 1
3 0.471197 469.08 183.65 472.35 186.86 1
9 0.455899 548.30 304.91 555.59 316.28 2
9 0.454534 537.61 312.37 545.01 323.95 2
0 0.451122 877.02 481.25 890.30 514.28 0
9 0.447284 400.17 265.51 404.92 276.02 0
9 0.439213 638.82 520.50 654.65 539.68 0
9 0.436072 671.31 315.42 684.94 326.52 0
9 0.418749 515.99 295.66 523.04 307.57 0
9 0.415137 234.76 331.49 248.53 344.35 0
3 0.414295 504.58 215.70 513.82 221.95 1
3 0.413179 504.51 221.58 512.28 228.73 1
9 0.410148 521.98 279.65 527.89 291.00 0
3 0.407722 459.66 194.92 465.29 198.78 1
1 0.407114 399.70 261.49 405.22 272.85 0
0 0.403621 708.84 395.32 719.71 416.31 0
1 0.401626 547.78 299.15 555.11 311.97 2
1 0.400284 538.59 305.63 544.86 318.31 0
3 0.400213 485.38 185.94 488.37 188.70 1
9 0.384364 550.35 314.72 558.03 329.40 0
3 0.381555 448.15 213.91 454.36 219.54 1
9 0.380384 253.12 302.70 275.13 315.84 0
3 0.377585 502.74 214.16 510.92 222.96 0
9 0.369531 817.25 446.93 837.64 465.74 0
1 0.364746 521.98 275.99 527.69 287.63 0
5 0.359266 479.75 179.53 484.09 185.73 1
9 0.352910 509.97 256.69 514.69 265.68 0
2 0.351836 0.04 507.60 14.98 539.96 0
3 0.348640 491.74 183.50 495.36 186.52 1
1 0.338943 494.62 196.71 496.27 200.16 1
3 0.334658 470.84 174.41 473.53 176.74 1
1 0.332990 69.82 479.38 86.08 501.32 0
3 0.319042 488.51 182.03 491.29 184.63 1
1 0.312757 509.95 251.99 514.80 262.62 0
9 0.307189 772.28 419.31 797.22 436.96 0
3 0.303128 475.08 183.71 478.24 186.89 1
