3 0.887601 1197.63 966.10 1397.86 1139.39 0
3 0.882842 1112.21 779.24 1270.32 915.05 0
3 0.877742 1477.43 858.15 1682.61 1044.33 0
3 0.869974 1386.96 778.17 1535.26 898.95 0
3 0.848626 1818.68 897.42 1919.00 1041.69 0
3 0.847303 1416.90 656.00 1532.58 749.32 0
3 0.840948 1014.63 663.15 1123.53 750.83 0
3 0.834723 621.29 1165.56 899.20 1276.68 0
3 0.828711 1287.87 710.51 1414.89 806.41 0
3 0.825839 1595.24 978.97 1849.78 1189.36 0
3 0.816278 802.93 830.18 943.67 972.55 0
3 0.796826 1019.38 500.19 1046.94 546.74 2
3 0.792455 1203.98 583.15 1284.63 643.68 0
3 0.787814 1172.03 678.94 1292.56 766.37 0
3 0.767596 920.97 458.31 963.40 491.55 2
3 0.746028 794.64 474.55 836.41 512.87 2
3 0.729190 968.58 473.31 1016.37 514.01 2
1 0.722396 440.15 1159.68 526.37 1279.00 0
3 0.703100 1158.44 635.73 1248.52 715.32 0
5 0.697010 825.18 473.75 889.68 549.90 1
3 0.676900 1118.54 538.32 1187.64 593.75 0
3 0.676711 922.67 510.00 1000.36 547.00 2
5 0.673309 918.21 533.48 1017.90 665.21 0
9 0.666275 769.30 1016.21 831.76 1140.36 0
3 0.663092 1043.22 586.30 1119.13 643.55 0
1 0.638111 338.14 995.33 406.30 1151.16 0
9 0.631022 634.35 870.49 690.79 970.84 0
3 0.612273 1109.14 594.59 1197.82 668.28 0
9 0.597729 562.19 965.71 619.93 1076.54 0
3 0.594469 1021.74 499.88 1078.28 544.89 0
2 0.590996 339.96 1045.80 403.19 1175.55 0
1 0.583704 741.84 653.65 774.69 714.02 1
3 0.578679 1717.23 1195.47 1919.00 1279.00 0
9 0.542369 435.75 1203.38 527.11 1279.00 0
3 0.528446 1018.78 568.33 1068.08 618.90 0
3 0.526561 1066.38 516.93 1124.37 573.34 0
3 0.521953 927.87 489.39 987.28 530.74 2
1 0.516452 808.20 734.05 849.15 806.70 0
9 0.476424 548.60 842.79 606.91 931.08 0
1 0.475482 723.28 631.28 760.46 694.65 1
9 0.469696 774.86 616.66 800.44 664.87 1
1 0.442534 558.33 930.48 621.67 1061.49 0
0 0.439770 672.51 623.36 700.60 685.16 1
0 0.432119 565.34 606.55 593.30 674.89 1
1 0.426602 1316.57 555.29 1336.76 612.01 0
3 0.424783 824.54 475.42 890.94 547.00 2
3 0.404419 725.41 450.28 775.72 476.49 0
1 0.395761 861.13 716.78 895.75 783.66 0
1 0.386917 674.20 628.14 702.33 681.84 0
1 0.377432 655.36 666.89 689.06 719.66 1
1 0.365056 709.35 796.40 762.76 889.90 0
1 0.353638 824.30 649.53 860.12 717.29 1
2 0.334847 1316.82 571.85 1337.41 618.19 0
1 0.324611 606.09 629.92 641.55 693.05 1
9 0.316096 736.85 666.79 775.14 719.84 1
3 0.308701 563.33 529.59 582.00 583.15 3
1 0.300204 564.98 608.63 594.00 673.73 0
